State (from\to) (Emission order)	1	2	3	4	5	6	7	8	9	10
1	0.7564107449518348	0.08457789606896282	0.005433526003003636	0.0	1.1458533758603717E-4	0.0041045194503306235	0.0018054978947483155	0.03290368202895978	0.008534066378001652	0.10611548188657229
2	0.23202736587451941	0.7057072471373815	0.013743113330201452	0.03173664250952213	0.004443929973361099	0.0067424800629736405	0.0	3.1287329085661226E-4	0.005286347821184173	0.0
3	0.012257973551288437	0.00920823971766792	0.6190480518511825	0.08240469800690298	0.00868832702822467	6.855176083577238E-4	2.5159355946153373E-4	0.0013889200679827892	0.0464002630280547	0.2196664155808769
4	1.3338859651418001E-5	0.04799439333171829	0.156846543215038	0.7208813651746142	0.0654134883822842	5.771427282573906E-4	0.0	0.0013127206829478646	0.0023343147927419703	0.004626692832746772
5	1.0900534337190426E-4	0.0041113071096536575	0.010729048042483128	0.04184310617339587	0.8532806455869768	0.08772953241627374	0.0017700624941656567	4.272928336791207E-4	0.0	0.0
6	0.008289490341046904	0.004429934823099378	7.876725381461524E-4	2.559547585393168E-4	0.06780977729112679	0.7993590125080494	0.11525139769298462	0.0034970936317453858	5.767687307193583E-5	2.619895421899867E-4
7	0.001600671332865309	0.0	1.1849038333656065E-4	0.0	4.0505234024540925E-4	0.046092436586008236	0.9219800764003389	0.029703922466530374	9.935049067539447E-5	0.0
8	0.0079312567520888	6.980787968322647E-6	1.5988644187585135E-4	5.048199722694451E-5	4.479408808650592E-5	3.9042809597090213E-4	0.008563320840764175	0.9780044833159951	1.8936949327754134E-4	0.004658998186746275
9	0.004785932743617105	0.0010172818875753518	0.012419285577784246	2.5055922191996686E-4	0.0	2.797219511711864E-5	6.52451582250008E-5	4.724917329786803E-4	0.9034618033862508	0.07749942809653164
10	0.0025286428801758855	0.0	0.0025582647317584093	3.1800880901484455E-5	0.0	4.545274932347687E-6	9.25738552420945E-8	4.580530883438084E-4	0.0033207906900990704	0.9910978098799336
